{
  "experiment": "26_scale_invariance",
  "timestamp": "2026-03-14T19:40:10.459268",
  "size_groups": {
    "SMALL": [
      "Qwen3-0.6B_0.6B",
      "TinyLlama-1.1B_1.1B"
    ],
    "MEDIUM": [
      "abliterated_Qwen2.5-7B_custom",
      "gemma-2-9b-it_9B",
      "Llama-3.1-8B_8B",
      "Mistral-7B-v0.3_7B-mistral",
      "Qwen2.5-7B-q4_7B-q4",
      "Qwen2.5-7B_7B"
    ],
    "LARGE": [
      "Llama-3.1-70B-q4_70B-q4",
      "Qwen2.5-32B-q4_32B-q4"
    ]
  },
  "auroc_matrices": {
    "SMALL": [
      [
        0.5,
        0.7577777777777778,
        0.7155555555555555,
        0.6355555555555555,
        0.9355555555555556,
        0.7666666666666666,
        0.9844444444444445,
        0.6644444444444445,
        0.4955555555555555,
        0.9466666666666667,
        0.8200000000000001,
        0.9666666666666667,
        0.8511111111111112
      ],
      [
        0.7577777777777778,
        0.5,
        0.8155555555555556,
        0.6888888888888889,
        0.9777777777777779,
        0.9066666666666667,
        0.9622222222222223,
        0.7355555555555555,
        0.7088888888888889,
        0.9844444444444445,
        0.8355555555555556,
        0.9933333333333334,
        0.9288888888888889
      ],
      [
        0.7155555555555555,
        0.8155555555555556,
        0.5,
        0.5800000000000001,
        0.8044444444444445,
        0.6911111111111111,
        1.0,
        0.78,
        0.8822222222222222,
        0.9266666666666667,
        0.6777777777777778,
        0.9377777777777778,
        0.8266666666666667
      ],
      [
        0.6355555555555555,
        0.6888888888888889,
        0.5800000000000001,
        0.5,
        0.9044444444444444,
        0.7733333333333334,
        0.9933333333333334,
        0.7555555555555555,
        0.7777777777777778,
        0.9400000000000001,
        0.4866666666666667,
        0.9777777777777779,
        0.88
      ],
      [
        0.9355555555555556,
        0.9777777777777779,
        0.8044444444444445,
        0.9044444444444444,
        0.5,
        0.8311111111111111,
        1.0,
        0.98,
        0.9822222222222222,
        0.991111111111111,
        0.92,
        0.9533333333333334,
        0.9777777777777779
      ],
      [
        0.7666666666666666,
        0.9066666666666667,
        0.6911111111111111,
        0.7733333333333334,
        0.8311111111111111,
        0.5,
        0.9822222222222222,
        0.888888888888889,
        0.7911111111111111,
        0.9133333333333333,
        0.8288888888888889,
        0.8844444444444445,
        0.8688888888888889
      ],
      [
        0.9844444444444445,
        0.9622222222222223,
        1.0,
        0.9933333333333334,
        1.0,
        0.9822222222222222,
        0.5,
        1.0,
        0.9933333333333334,
        1.0,
        1.0,
        1.0,
        0.9933333333333334
      ],
      [
        0.6644444444444445,
        0.7355555555555555,
        0.78,
        0.7555555555555555,
        0.98,
        0.888888888888889,
        1.0,
        0.5,
        0.7533333333333333,
        0.9977777777777778,
        0.7666666666666666,
        0.9977777777777778,
        0.9111111111111111
      ],
      [
        0.4955555555555555,
        0.7088888888888889,
        0.8822222222222222,
        0.7777777777777778,
        0.9822222222222222,
        0.7911111111111111,
        0.9933333333333334,
        0.7533333333333333,
        0.5,
        0.9844444444444445,
        0.9088888888888889,
        0.9955555555555555,
        0.8711111111111112
      ],
      [
        0.9466666666666667,
        0.9844444444444445,
        0.9266666666666667,
        0.9400000000000001,
        0.991111111111111,
        0.9133333333333333,
        1.0,
        0.9977777777777778,
        0.9844444444444445,
        0.5,
        0.9688888888888889,
        0.7911111111111111,
        0.7111111111111111
      ],
      [
        0.8200000000000001,
        0.8355555555555556,
        0.6777777777777778,
        0.4866666666666667,
        0.92,
        0.8288888888888889,
        1.0,
        0.7666666666666666,
        0.9088888888888889,
        0.9688888888888889,
        0.5,
        0.9577777777777778,
        0.9066666666666667
      ],
      [
        0.9666666666666667,
        0.9933333333333334,
        0.9377777777777778,
        0.9777777777777779,
        0.9533333333333334,
        0.8844444444444445,
        1.0,
        0.9977777777777778,
        0.9955555555555555,
        0.7911111111111111,
        0.9577777777777778,
        0.5,
        0.7311111111111112
      ],
      [
        0.8511111111111112,
        0.9288888888888889,
        0.8266666666666667,
        0.88,
        0.9777777777777779,
        0.8688888888888889,
        0.9933333333333334,
        0.9111111111111111,
        0.8711111111111112,
        0.7111111111111111,
        0.9066666666666667,
        0.7311111111111112,
        0.5
      ]
    ],
    "MEDIUM": [
      [
        0.5,
        0.6540740740740741,
        0.82,
        0.8274074074074074,
        0.8955555555555555,
        0.84,
        0.9681481481481482,
        0.7866666666666667,
        0.7318518518518516,
        0.9881481481481482,
        0.842962962962963,
        0.9844444444444443,
        0.857037037037037
      ],
      [
        0.6540740740740741,
        0.5,
        0.7333333333333334,
        0.6711111111111111,
        0.8155555555555556,
        0.8303703703703703,
        0.9444444444444445,
        0.8148148148148149,
        0.6562962962962963,
        0.9688888888888889,
        0.7637037037037037,
        0.9725925925925926,
        0.8851851851851853
      ],
      [
        0.82,
        0.7333333333333334,
        0.5,
        0.677037037037037,
        0.8074074074074074,
        0.8281481481481481,
        0.9851851851851853,
        0.9177777777777778,
        0.8725925925925927,
        0.9651851851851854,
        0.8118518518518519,
        0.9592592592592593,
        0.8822222222222224
      ],
      [
        0.8274074074074074,
        0.6711111111111111,
        0.677037037037037,
        0.5,
        0.7540740740740741,
        0.7888888888888889,
        0.9807407407407407,
        0.8274074074074075,
        0.794074074074074,
        0.9340740740740742,
        0.6622222222222222,
        0.9525925925925925,
        0.8651851851851853
      ],
      [
        0.8955555555555555,
        0.8155555555555556,
        0.8074074074074074,
        0.7540740740740741,
        0.5,
        0.8096296296296295,
        0.9814814814814815,
        0.9385185185185184,
        0.9429629629629629,
        0.9140740740740741,
        0.8125925925925926,
        0.8881481481481481,
        0.8666666666666667
      ],
      [
        0.84,
        0.8303703703703703,
        0.8281481481481481,
        0.7888888888888889,
        0.8096296296296295,
        0.5,
        0.9548148148148149,
        0.8437037037037037,
        0.8666666666666667,
        0.9007407407407407,
        0.8325925925925927,
        0.9488888888888889,
        0.8251851851851852
      ],
      [
        0.9681481481481482,
        0.9444444444444445,
        0.9851851851851853,
        0.9807407407407407,
        0.9814814814814815,
        0.9548148148148149,
        0.5,
        0.9807407407407407,
        0.977037037037037,
        0.9925925925925926,
        0.985925925925926,
        0.9866666666666667,
        0.9792592592592593
      ],
      [
        0.7866666666666667,
        0.8148148148148149,
        0.9177777777777778,
        0.8274074074074075,
        0.9385185185185184,
        0.8437037037037037,
        0.9807407407407407,
        0.5,
        0.8088888888888889,
        0.9918518518518519,
        0.7903703703703705,
        0.9948148148148147,
        0.8807407407407407
      ],
      [
        0.7318518518518516,
        0.6562962962962963,
        0.8725925925925927,
        0.794074074074074,
        0.9429629629629629,
        0.8666666666666667,
        0.977037037037037,
        0.8088888888888889,
        0.5,
        0.9948148148148149,
        0.8911111111111111,
        0.9948148148148149,
        0.9281481481481482
      ],
      [
        0.9881481481481482,
        0.9688888888888889,
        0.9651851851851854,
        0.9340740740740742,
        0.9140740740740741,
        0.9007407407407407,
        0.9925925925925926,
        0.9918518518518519,
        0.9948148148148149,
        0.5,
        0.9496296296296297,
        0.6777777777777777,
        0.7325925925925926
      ],
      [
        0.842962962962963,
        0.7637037037037037,
        0.8118518518518519,
        0.6622222222222222,
        0.8125925925925926,
        0.8325925925925927,
        0.985925925925926,
        0.7903703703703705,
        0.8911111111111111,
        0.9496296296296297,
        0.5,
        0.9407407407407407,
        0.8207407407407409
      ],
      [
        0.9844444444444443,
        0.9725925925925926,
        0.9592592592592593,
        0.9525925925925925,
        0.8881481481481481,
        0.9488888888888889,
        0.9866666666666667,
        0.9948148148148147,
        0.9948148148148149,
        0.6777777777777777,
        0.9407407407407407,
        0.5,
        0.7844444444444445
      ],
      [
        0.857037037037037,
        0.8851851851851853,
        0.8822222222222224,
        0.8651851851851853,
        0.8666666666666667,
        0.8251851851851852,
        0.9792592592592593,
        0.8807407407407407,
        0.9281481481481482,
        0.7325925925925926,
        0.8207407407407409,
        0.7844444444444445,
        0.5
      ]
    ],
    "LARGE": [
      [
        0.5,
        0.6955555555555556,
        0.8644444444444445,
        0.8599999999999999,
        0.9488888888888889,
        0.828888888888889,
        0.9955555555555555,
        0.9244444444444444,
        0.731111111111111,
        0.9888888888888889,
        0.9111111111111112,
        0.9977777777777778,
        0.8711111111111112
      ],
      [
        0.6955555555555556,
        0.5,
        0.7844444444444444,
        0.7888888888888889,
        0.8177777777777778,
        0.8244444444444445,
        0.98,
        0.9022222222222223,
        0.5977777777777777,
        0.9777777777777779,
        0.8955555555555557,
        0.9955555555555555,
        0.9066666666666667
      ],
      [
        0.8644444444444445,
        0.7844444444444444,
        0.5,
        0.7222222222222222,
        0.7133333333333334,
        0.8800000000000001,
        1.0,
        0.9333333333333333,
        0.8977777777777778,
        0.98,
        0.8822222222222222,
        0.9866666666666667,
        0.9088888888888889
      ],
      [
        0.8599999999999999,
        0.7888888888888889,
        0.7222222222222222,
        0.5,
        0.848888888888889,
        0.7844444444444445,
        0.9933333333333334,
        0.7244444444444444,
        0.8933333333333333,
        0.9266666666666667,
        0.7022222222222221,
        0.9711111111111113,
        0.8733333333333333
      ],
      [
        0.9488888888888889,
        0.8177777777777778,
        0.7133333333333334,
        0.848888888888889,
        0.5,
        0.9511111111111111,
        1.0,
        0.9555555555555556,
        0.9311111111111111,
        0.9600000000000001,
        0.9,
        0.9311111111111112,
        0.8800000000000001
      ],
      [
        0.828888888888889,
        0.8244444444444445,
        0.8800000000000001,
        0.7844444444444445,
        0.9511111111111111,
        0.5,
        0.9733333333333334,
        0.8288888888888889,
        0.8444444444444444,
        0.9022222222222223,
        0.8244444444444445,
        0.9311111111111112,
        0.9066666666666667
      ],
      [
        0.9955555555555555,
        0.98,
        1.0,
        0.9933333333333334,
        1.0,
        0.9733333333333334,
        0.5,
        1.0,
        1.0,
        1.0,
        1.0,
        1.0,
        0.9844444444444445
      ],
      [
        0.9244444444444444,
        0.9022222222222223,
        0.9333333333333333,
        0.7244444444444444,
        0.9555555555555556,
        0.8288888888888889,
        1.0,
        0.5,
        0.8955555555555557,
        0.9977777777777778,
        0.8511111111111112,
        0.9844444444444445,
        0.8911111111111112
      ],
      [
        0.731111111111111,
        0.5977777777777777,
        0.8977777777777778,
        0.8933333333333333,
        0.9311111111111111,
        0.8444444444444444,
        1.0,
        0.8955555555555557,
        0.5,
        0.9955555555555555,
        0.9199999999999999,
        1.0,
        0.8933333333333333
      ],
      [
        0.9888888888888889,
        0.9777777777777779,
        0.98,
        0.9266666666666667,
        0.9600000000000001,
        0.9022222222222223,
        1.0,
        0.9977777777777778,
        0.9955555555555555,
        0.5,
        0.9622222222222223,
        0.8333333333333333,
        0.6844444444444444
      ],
      [
        0.9111111111111112,
        0.8955555555555557,
        0.8822222222222222,
        0.7022222222222221,
        0.9,
        0.8244444444444445,
        1.0,
        0.8511111111111112,
        0.9199999999999999,
        0.9622222222222223,
        0.5,
        0.9733333333333334,
        0.8777777777777778
      ],
      [
        0.9977777777777778,
        0.9955555555555555,
        0.9866666666666667,
        0.9711111111111113,
        0.9311111111111112,
        0.9311111111111112,
        1.0,
        0.9844444444444445,
        1.0,
        0.8333333333333333,
        0.9733333333333334,
        0.5,
        0.7888888888888889
      ],
      [
        0.8711111111111112,
        0.9066666666666667,
        0.9088888888888889,
        0.8733333333333333,
        0.8800000000000001,
        0.9066666666666667,
        0.9844444444444445,
        0.8911111111111112,
        0.8933333333333333,
        0.6844444444444444,
        0.8777777777777778,
        0.7888888888888889,
        0.5
      ]
    ]
  },
  "category_order": [
    "grounded_facts",
    "confabulation",
    "self_reference",
    "non_self_reference",
    "guardrail_test",
    "math_reasoning",
    "coding",
    "emotional",
    "creative",
    "ambiguous",
    "unambiguous",
    "free_generation",
    "rote_completion"
  ],
  "cross_scale_correlations": {
    "SMALL_vs_MEDIUM": {
      "rho": 0.8667400917919122,
      "p": 1.1485729160755884e-24
    },
    "SMALL_vs_LARGE": {
      "rho": 0.8257974975305804,
      "p": 1.3675298239623595e-20
    },
    "MEDIUM_vs_LARGE": {
      "rho": 0.8962514737078076,
      "p": 1.4916961446810979e-28
    }
  }
}